31815
17550
19431
16715
22230
360
26714
720
24386
29276
5469
19574
27640
485
3413
29405
11378
2571
27169
23546
3011
21830
26902
9407
14059
13296
24159
27155
9612
13258
21312
8526
18586
7038
3552
29830
14400
540
3592
15856
28635
15885
26519
7476
31428
27246
23538
30730
5588
12572
14048
25151
15329
14514
22713
863
1442
26254
31381
20046
2114
26057
5617
14435
32142
4388
914
2813
31171
12314
2488
11243
3337
22464
15890
14677
4625
8147
1777
30483
9038
29050
6293
25480
32764
4103
16956
389
24145
6769
32236
19769
32560
19132
3960
7465
12003
24387
11620
13949
29746
5848
30231
30510
4670
15967
21530
13504
23887
8515
25956
2828
22096
19728
29382
12321
24451
5659
594
25978
15592
10779
4499
31700
7125
18876
871
28474
28501
22281
10315
26154
2014
4770
31359
15579
25850
27778
29200
4980
22926
7223
4244
30371
32670
2152
1773
26508
20186
27590
